1. Classification Report
              precision    recall  f1-score   support

       Apple       0.86      0.66      0.75        29
      Banana       0.52      0.81      0.63        37
       Bread       0.56      0.61      0.58        38
      Burger       0.75      0.45      0.57        33
      Carrot       0.65      0.80      0.71        25
      Coffee       0.57      0.59      0.58        22
    Cucumber       0.76      0.90      0.82        39
         Egg       0.55      0.21      0.31        28
  Mangosteen       0.93      0.93      0.93        15
        Milk       0.44      0.79      0.57        19
      Salmon       0.59      0.42      0.49        24
     Sausage       0.56      0.36      0.44        25

    accuracy                           0.63       334
   macro avg       0.64      0.63      0.61       334
weighted avg       0.64      0.63      0.61       334

2. Confusion Matrix
[[19  1  0  1  2  1  2  0  1  1  0  1]
 [ 0 30  0  1  0  0  4  1  0  1  0  0]
 [ 0  4 23  0  0  6  0  0  0  4  0  1]
 [ 1  5  6 15  1  1  1  3  0  0  0  0]
 [ 0  0  0  0 20  0  1  1  0  0  2  1]
 [ 0  1  1  0  0 13  0  0  0  7  0  0]
 [ 0  4  0  0  0  0 35  0  0  0  0  0]
 [ 0 11  2  1  0  0  2  6  0  5  1  0]
 [ 0  1  0  0  0  0  0  0 14  0  0  0]
 [ 1  0  1  0  0  1  1  0  0 15  0  0]
 [ 0  0  5  2  3  0  0  0  0  0 10  4]
 [ 1  1  3  0  5  1  0  0  0  1  4  9]]